contractSymbol,lastTradeDate,strike,lastPrice,bid,ask,change,percentChange,volume,openInterest,impliedVolatility,inTheMoney,contractSize,currency,type
TSLA261016C00050000,2026-08-04 13:40:07+00:00,50.0,273.18,295.0,302.8,0.0,0.0,2.0,2,2.058598603515625,True,REGULAR,USD,call
TSLA261016C00060000,2026-07-14 15:51:44+00:00,60.0,337.9,286.1,293.5,0.0,0.0,1.0,1,2.419925825195312,True,REGULAR,USD,call
TSLA261016C00075000,2026-04-08 14:45:59+00:00,75.0,276.38,345.8,352.55,0.0,0.0,,0,0.0,True,REGULAR,USD,call
TSLA261016C00085000,2026-07-10 16:06:14+00:00,85.0,326.05,261.75,268.65,0.0,0.0,1.0,0,2.0551806433105466,True,REGULAR,USD,call
TSLA261016C00090000,2026-05-20 15:49:43+00:00,90.0,324.94,0.0,0.0,0.0,0.0,1.0,0,1.0000000000000003e-05,True,REGULAR,USD,call
TSLA261016C00095000,2026-05-20 15:52:11+00:00,95.0,319.82,0.0,0.0,0.0,0.0,,0,1.0000000000000003e-05,True,REGULAR,USD,call
TSLA261016C00100000,2026-07-23 14:11:22+00:00,100.0,229.38,248.0,251.7,0.0,0.0,1.0,139,1.7441419042968749,True,REGULAR,USD,call
TSLA261016C00105000,2026-07-13 14:39:07+00:00,105.0,295.15,243.15,246.8,0.0,0.0,10.0,154,1.7099623876953123,True,REGULAR,USD,call
TSLA261016C00110000,2026-07-23 13:42:00+00:00,110.0,225.75,238.1,241.8,0.0,0.0,2.0,130,1.6416033544921875,True,REGULAR,USD,call
TSLA261016C00115000,2026-04-06 15:38:24+00:00,115.0,241.4,0.0,0.0,0.0,0.0,2.0,0,1.0000000000000003e-05,True,REGULAR,USD,call
TSLA261016C00120000,2026-08-14 14:38:45+00:00,120.0,226.0,227.2,231.75,0.0,0.0,1.0,350,1.4072295263671877,True,REGULAR,USD,call
TSLA261016C00125000,2026-06-11 19:14:19+00:00,125.0,272.97,268.65,273.95,0.0,0.0,2.0,63,4.547245526885986,True,REGULAR,USD,call
TSLA261016C00130000,2026-07-14 15:51:23+00:00,130.0,269.12,218.75,222.0,0.0,0.0,1.0,95,1.4970728271484375,True,REGULAR,USD,call
TSLA261016C00135000,2026-04-15 17:05:02+00:00,135.0,256.09,287.0,294.05,0.0,0.0,27.0,99,5.859865956420898,True,REGULAR,USD,call
TSLA261016C00140000,2026-07-23 13:46:56+00:00,140.0,194.0,208.85,212.05,0.0,0.0,1.0,45,1.4055205505371093,True,REGULAR,USD,call
TSLA261016C00145000,2026-04-06 18:04:43+00:00,145.0,207.8,0.0,0.0,0.0,0.0,82.0,0,1.0000000000000003e-05,True,REGULAR,USD,call
TSLA261016C00150000,2026-08-04 16:01:45+00:00,150.0,176.25,197.45,201.95,0.0,0.0,1.0,38,1.1821329956054685,True,REGULAR,USD,call
TSLA261016C00155000,2026-04-02 19:16:25+00:00,155.0,210.65,0.0,0.0,0.0,0.0,6.0,0,1.0000000000000003e-05,True,REGULAR,USD,call
TSLA261016C00160000,2026-04-06 15:46:40+00:00,160.0,199.05,0.0,0.0,0.0,0.0,2.0,0,1.0000000000000003e-05,True,REGULAR,USD,call
TSLA261016C00165000,2026-08-28 16:05:47+00:00,165.0,184.2,182.85,186.7,21.59999,13.284127,245.0,45,1.0739792395019534,True,REGULAR,USD,call
TSLA261016C00175000,2026-08-28 19:35:04+00:00,175.0,172.95,172.8,177.2,3.0999908,1.8251345,21.0,97,1.0332079589843752,True,REGULAR,USD,call
TSLA261016C00180000,2026-08-28 19:32:10+00:00,180.0,168.25,167.75,172.2,7.0099945,4.347553,9.0,105,0.992187578125,True,REGULAR,USD,call
TSLA261016C00185000,2026-06-04 19:51:40+00:00,185.0,238.46,0.0,0.0,0.0,0.0,16.0,0,1.0000000000000003e-05,True,REGULAR,USD,call
TSLA261016C00190000,2026-08-17 18:54:26+00:00,190.0,151.34,157.8,162.3,0.0,0.0,4.0,55,0.9304206176757812,True,REGULAR,USD,call
TSLA261016C00195000,2026-08-26 18:18:54+00:00,195.0,151.7,152.85,157.35,0.0,0.0,1.0,56,0.9018564501953125,True,REGULAR,USD,call
TSLA261016C00200000,2026-08-28 13:48:46+00:00,200.0,157.52,147.95,152.3,10.430008,7.0909023,1.0,120,0.8706067626953125,True,REGULAR,USD,call
TSLA261016C00205000,2026-08-25 16:46:21+00:00,205.0,152.3,142.95,147.45,0.0,0.0,1.0,37,0.8457046679687499,True,REGULAR,USD,call
TSLA261016C00210000,2026-08-27 19:57:27+00:00,210.0,146.1,138.0,142.5,0.0,0.0,3.0,56,0.8178729150390623,True,REGULAR,USD,call
TSLA261016C00215000,2026-08-19 14:45:04+00:00,215.0,134.0,133.1,137.5,0.0,0.0,1.0,64,0.7905294384765625,True,REGULAR,USD,call
TSLA261016C00220000,2026-08-28 15:40:41+00:00,220.0,132.15,128.2,132.55,-1.5,-1.1223345,6.0,536,0.765749412841797,True,REGULAR,USD,call
TSLA261016C00225000,2026-08-27 15:03:48+00:00,225.0,129.86,123.4,127.55,0.0,0.0,1.0,73,0.743166630859375,True,REGULAR,USD,call
TSLA261016C00230000,2026-08-28 18:53:05+00:00,230.0,117.0,118.4,122.6,-8.959999,-7.113369,3.0,133,0.713992117919922,True,REGULAR,USD,call
TSLA261016C00235000,2026-08-21 19:38:36+00:00,235.0,133.15,113.65,117.6,0.0,0.0,2.0,77,0.69336244140625,True,REGULAR,USD,call
TSLA261016C00240000,2026-08-24 18:30:19+00:00,240.0,115.23,108.7,112.6,0.0,0.0,1.0,228,0.6646762048339845,True,REGULAR,USD,call
TSLA261016C00245000,2026-08-28 17:20:09+00:00,245.0,104.95,104.95,107.3,-6.3199997,-5.6798778,2.0,165,0.6678500012207034,True,REGULAR,USD,call
TSLA261016C00250000,2026-08-26 19:55:30+00:00,250.0,98.15,99.35,102.55,0.0,0.0,10.0,246,0.6254920263671876,True,REGULAR,USD,call
TSLA261016C00255000,2026-08-25 14:21:44+00:00,255.0,98.94,95.25,97.55,0.0,0.0,72.0,93,0.6231727136230469,True,REGULAR,USD,call
TSLA261016C00260000,2026-08-28 13:34:03+00:00,260.0,100.0,89.9,92.45,3.0800018,3.1778805,1.0,66,0.5794719787597657,True,REGULAR,USD,call
TSLA261016C00265000,2026-08-27 19:41:18+00:00,265.0,92.27,85.2,87.4,0.0,0.0,1.0,69,0.5567060931396486,True,REGULAR,USD,call
TSLA261016C00270000,2026-08-26 16:49:55+00:00,270.0,78.05,80.7,82.35,0.0,0.0,1.0,123,0.5389450402832032,True,REGULAR,USD,call
TSLA261016C00275000,2026-08-28 17:46:19+00:00,275.0,74.92,76.35,77.35,1.199997,1.6277766,1.0,191,0.5249070947265625,True,REGULAR,USD,call
TSLA261016C00280000,2026-08-28 18:48:39+00:00,280.0,69.37,71.55,72.65,-3.159996,-4.3568125,8.0,169,0.5059863854980469,True,REGULAR,USD,call
TSLA261016C00285000,2026-08-28 18:43:44+00:00,285.0,64.8,67.05,68.05,-4.5199966,-6.52048,2.0,61,0.5141650146484374,True,REGULAR,USD,call
TSLA261016C00290000,2026-08-28 18:59:48+00:00,290.0,60.17,62.3,63.5,-5.8899994,-8.916137,13.0,155,0.4989063781738281,True,REGULAR,USD,call
TSLA261016C00295000,2026-08-28 16:01:16+00:00,295.0,58.01,58.05,59.05,-6.3500023,-9.86638,1.0,101,0.48541774353027345,True,REGULAR,USD,call
TSLA261016C00300000,2026-08-28 19:34:55+00:00,300.0,52.55,53.85,54.65,-6.8500023,-11.53199,25.0,574,0.4715018670654296,True,REGULAR,USD,call
TSLA261016C00305000,2026-08-28 19:28:37+00:00,305.0,49.0,49.45,50.5,-5.1399994,-9.493904,3.0,575,0.46283496154785164,True,REGULAR,USD,call
TSLA261016C00310000,2026-08-28 19:51:20+00:00,310.0,45.1,45.65,46.35,-6.1000023,-11.914067,19.0,1991,0.4514215014648438,True,REGULAR,USD,call
TSLA261016C00315000,2026-08-28 14:12:36+00:00,315.0,45.0,41.7,42.55,-2.7000008,-5.660379,3.0,446,0.446294599609375,True,REGULAR,USD,call
TSLA261016C00320000,2026-08-28 19:53:52+00:00,320.0,37.75,38.05,38.75,-5.950001,-13.615562,31.0,1382,0.4378718322753906,True,REGULAR,USD,call
TSLA261016C00325000,2026-08-28 19:54:20+00:00,325.0,34.5,34.55,35.2,-5.450001,-13.642055,70.0,1116,0.4320430331420898,True,REGULAR,USD,call
TSLA261016C00330000,2026-08-28 19:59:40+00:00,330.0,31.5,31.3,31.8,-5.5999985,-15.0943365,46.0,2334,0.4260921649169922,True,REGULAR,USD,call
TSLA261016C00335000,2026-08-28 19:33:37+00:00,335.0,27.24,28.15,28.7,-6.4400005,-19.121141,13.0,2586,0.4229794030761719,True,REGULAR,USD,call
TSLA261016C00340000,2026-08-28 19:54:37+00:00,340.0,25.95,25.25,25.75,-4.299999,-14.214873,159.0,2136,0.41928681304931636,True,REGULAR,USD,call
TSLA261016C00345000,2026-08-28 19:59:43+00:00,345.0,22.75,22.5,23.1,-4.3500004,-16.051662,348.0,1144,0.41794405303955073,True,REGULAR,USD,call
TSLA261016C00350000,2026-08-28 19:58:49+00:00,350.0,20.4,20.05,20.45,-4.050001,-16.56442,1004.0,4058,0.4129087030029296,False,REGULAR,USD,call
TSLA261016C00355000,2026-08-28 19:58:58+00:00,355.0,18.15,17.8,18.15,-3.8500004,-17.500002,646.0,1280,0.411138701171875,False,REGULAR,USD,call
TSLA261016C00360000,2026-08-28 19:59:25+00:00,360.0,15.85,15.75,16.05,-3.6999989,-18.925827,667.0,3389,0.4096738720703125,False,REGULAR,USD,call
TSLA261016C00365000,2026-08-28 19:58:28+00:00,365.0,14.25,13.85,14.2,-3.3500004,-19.034092,665.0,1956,0.4096738720703125,False,REGULAR,USD,call
TSLA261016C00370000,2026-08-28 19:59:53+00:00,370.0,12.45,12.2,12.45,-3.4099998,-21.500631,431.0,2412,0.40820904296875,False,REGULAR,USD,call
TSLA261016C00375000,2026-08-28 19:59:37+00:00,375.0,10.85,10.75,10.95,-3.3499994,-23.591545,702.0,3344,0.4085752502441406,False,REGULAR,USD,call
TSLA261016C00380000,2026-08-28 19:55:51+00:00,380.0,9.8,9.4,9.65,-2.58,-20.840063,523.0,6892,0.41000956207275385,False,REGULAR,USD,call
TSLA261016C00385000,2026-08-28 19:59:58+00:00,385.0,8.35,8.2,8.45,-2.62,-23.883316,422.0,1140,0.41058939025878904,False,REGULAR,USD,call
TSLA261016C00390000,2026-08-28 19:56:59+00:00,390.0,7.4,7.2,7.4,-2.4199996,-24.643581,701.0,2818,0.41174904663085937,False,REGULAR,USD,call
TSLA261016C00395000,2026-08-28 19:51:09+00:00,395.0,6.11,6.3,6.5,-2.5099998,-29.118326,509.0,2005,0.41370215209960937,False,REGULAR,USD,call
TSLA261016C00400000,2026-08-28 19:59:46+00:00,400.0,5.7,5.5,5.7,-1.8900003,-24.90119,2604.0,10733,0.41565525756835936,False,REGULAR,USD,call
TSLA261016C00405000,2026-08-28 19:59:58+00:00,405.0,4.92,4.75,5.0,-1.79,-26.676601,147.0,1145,0.4177914666748046,False,REGULAR,USD,call
TSLA261016C00410000,2026-08-28 19:57:04+00:00,410.0,4.4,4.2,4.4,-1.5699997,-26.298153,148.0,1986,0.4205380212402344,False,REGULAR,USD,call
TSLA261016C00415000,2026-08-28 19:47:03+00:00,415.0,3.67,3.7,3.9,-1.5299997,-29.423073,224.0,1233,0.4242000939941406,False,REGULAR,USD,call
TSLA261016C00420000,2026-08-28 19:52:13+00:00,420.0,3.25,3.25,3.4,-1.4299998,-30.555552,518.0,3009,0.4257259576416016,False,REGULAR,USD,call
TSLA261016C00425000,2026-08-28 19:31:53+00:00,425.0,2.85,2.88,3.05,-1.5,-34.482758,179.0,2491,0.43079182495117196,False,REGULAR,USD,call
TSLA261016C00430000,2026-08-28 19:59:05+00:00,430.0,2.62,2.53,2.66,-1.1800001,-31.052633,769.0,7542,0.43237872314453124,False,REGULAR,USD,call
TSLA261016C00435000,2026-08-28 19:45:56+00:00,435.0,2.26,2.24,2.37,-1.04,-31.515152,356.0,1469,0.4364070031738281,False,REGULAR,USD,call
TSLA261016C00440000,2026-08-28 19:48:06+00:00,440.0,1.99,1.99,2.11,-1.0,-33.444817,152.0,1706,0.4401911450195312,False,REGULAR,USD,call
TSLA261016C00445000,2026-08-28 19:56:21+00:00,445.0,1.87,1.79,1.89,-0.83000004,-30.740742,150.0,1471,0.44446356323242187,False,REGULAR,USD,call
TSLA261016C00450000,2026-08-28 19:59:39+00:00,450.0,1.65,1.61,1.69,-0.64,-27.9476,426.0,6700,0.44836977416992185,False,REGULAR,USD,call
TSLA261016C00455000,2026-08-28 19:59:16+00:00,455.0,1.49,1.44,1.54,-0.6600001,-30.697676,19.0,476,0.4539849523925781,False,REGULAR,USD,call
TSLA261016C00460000,2026-08-28 19:56:42+00:00,460.0,1.36,1.31,1.39,-0.52,-27.659575,169.0,2029,0.4583794396972657,False,REGULAR,USD,call
TSLA261016C00465000,2026-08-28 19:57:47+00:00,465.0,1.22,1.19,1.25,-0.6,-32.967033,43.0,1720,0.4624077197265626,False,REGULAR,USD,call
TSLA261016C00470000,2026-08-28 19:48:34+00:00,470.0,1.1,1.07,1.17,-0.47000003,-29.936308,47.0,1830,0.46973186523437505,False,REGULAR,USD,call
TSLA261016C00475000,2026-08-28 19:20:01+00:00,475.0,1.0,0.99,1.07,-0.47000003,-31.97279,15.0,1855,0.47473669799804685,False,REGULAR,USD,call
TSLA261016C00480000,2026-08-28 19:31:09+00:00,480.0,0.93,0.91,0.99,-0.40000004,-30.07519,58.0,1481,0.4805960144042969,False,REGULAR,USD,call
TSLA261016C00485000,2026-08-28 18:48:37+00:00,485.0,0.9,0.82,0.92,-0.37,-29.13386,4.0,280,0.4865773999023438,False,REGULAR,USD,call
TSLA261016C00490000,2026-08-28 18:48:37+00:00,490.0,0.8,0.78,0.86,-0.35999995,-31.03448,2.0,547,0.4929249926757813,False,REGULAR,USD,call
TSLA261016C00495000,2026-08-28 18:48:27+00:00,495.0,0.72,0.73,0.81,-0.3399999,-32.075466,32.0,635,0.4995167236328125,False,REGULAR,USD,call
TSLA261016C00500000,2026-08-28 19:41:20+00:00,500.0,0.7,0.68,0.75,-0.28000003,-28.57143,499.0,6653,0.5007374145507812,False,REGULAR,USD,call
TSLA261016C00505000,2026-08-28 19:38:45+00:00,505.0,0.65,0.65,0.72,-0.26000005,-28.571432,43.0,264,0.5085498364257812,False,REGULAR,USD,call
TSLA261016C00510000,2026-08-28 16:27:17+00:00,510.0,0.64,0.6,0.67,-0.23000002,-26.436785,3.0,1445,0.5134326000976561,False,REGULAR,USD,call
TSLA261016C00515000,2026-08-26 13:30:00+00:00,515.0,0.86,0.56,0.64,0.0,0.0,1.0,366,0.5195360546875,False,REGULAR,USD,call
TSLA261016C00520000,2026-08-28 19:54:52+00:00,520.0,0.58,0.54,0.6,-0.21000004,-26.582283,5.0,2801,0.5258836474609375,False,REGULAR,USD,call
TSLA261016C00525000,2026-08-28 14:36:23+00:00,525.0,0.64,0.5,0.57,-0.060000002,-8.571429,17.0,329,0.5312546875,False,REGULAR,USD,call
TSLA261016C00530000,2026-08-27 15:25:42+00:00,530.0,0.69,0.49,0.55,0.0,0.0,1.0,447,0.5390671093750001,False,REGULAR,USD,call
TSLA261016C00535000,2026-08-28 19:21:35+00:00,535.0,0.49,0.45,0.52,-0.13999999,-22.22222,1.0,317,0.5437057348632813,False,REGULAR,USD,call
TSLA261016C00540000,2026-08-28 19:31:03+00:00,540.0,0.46,0.44,0.5,-0.16999999,-26.984125,6.0,459,0.5510298803710938,False,REGULAR,USD,call
TSLA261016C00545000,2026-08-28 19:09:00+00:00,545.0,0.43,0.42,0.48,-0.17000002,-28.333336,3.0,426,0.5571333349609376,False,REGULAR,USD,call
TSLA261016C00550000,2026-08-28 17:25:24+00:00,550.0,0.42,0.39,0.46,-0.16999999,-28.813559,85.0,2498,0.5622602368164062,False,REGULAR,USD,call
TSLA261016C00555000,2026-08-24 18:41:47+00:00,555.0,0.7,0.39,0.44,0.0,0.0,64.0,77,0.5698285205078125,False,REGULAR,USD,call
TSLA261016C00560000,2026-08-26 15:43:15+00:00,560.0,0.51,0.35,0.43,0.0,0.0,8.0,1104,0.5742230078125,False,REGULAR,USD,call
TSLA261016C00570000,2026-08-28 19:59:17+00:00,570.0,0.4,0.32,0.39,-0.049999982,-11.111108,190.0,361,0.5844768115234374,False,REGULAR,USD,call
TSLA261016C00580000,2026-08-24 19:38:40+00:00,580.0,0.57,0.3,0.36,0.0,0.0,20.0,354,0.5961954443359375,False,REGULAR,USD,call
TSLA261016C00590000,2026-08-25 19:46:12+00:00,590.0,0.49,0.28,0.34,0.0,0.0,204.0,917,0.6084023535156251,False,REGULAR,USD,call
TSLA261016C00600000,2026-08-28 19:59:46+00:00,600.0,0.28,0.28,0.3,-0.109999985,-28.205126,10.0,4283,0.6196327099609377,False,REGULAR,USD,call
TSLA261016C00610000,2026-08-28 16:05:23+00:00,610.0,0.29,0.26,0.31,-0.09,-23.684212,10.0,294,0.6342810009765626,False,REGULAR,USD,call
TSLA261016C00620000,2026-08-28 19:32:10+00:00,620.0,0.26,0.26,0.29,-0.08000001,-23.529415,200.0,209,0.6469761865234375,False,REGULAR,USD,call
TSLA261016C00630000,2026-08-24 19:45:29+00:00,630.0,0.41,0.21,0.26,0.0,0.0,39.0,1797,0.65039412109375,False,REGULAR,USD,call
TSLA261016C00640000,2026-08-27 14:16:12+00:00,640.0,0.3,0.19,0.26,0.0,0.0,3.0,305,0.6616244775390626,False,REGULAR,USD,call
TSLA261016C00650000,2026-08-28 19:53:19+00:00,650.0,0.22,0.2,0.23,-0.120000005,-35.294117,111.0,475,0.6728548339843752,False,REGULAR,USD,call
TSLA261016C00660000,2026-08-28 19:10:24+00:00,660.0,0.21,0.17,0.23,-0.040000007,-16.000002,25.0,113,0.6811555322265627,False,REGULAR,USD,call
TSLA261016C00670000,2026-08-28 14:13:06+00:00,670.0,0.21,0.17,0.22,-0.02000001,-8.695657,4.0,1369,0.6928741650390625,False,REGULAR,USD,call
TSLA261016C00680000,2026-08-28 17:30:33+00:00,680.0,0.18,0.16,0.21,-0.03999999,-18.181814,2.0,1417,0.702151416015625,False,REGULAR,USD,call
TSLA261016C00690000,2026-08-25 14:06:39+00:00,690.0,0.3,0.14,0.2,0.0,0.0,1.0,277,0.70898728515625,False,REGULAR,USD,call
TSLA261016C00700000,2026-08-28 15:55:46+00:00,700.0,0.17,0.14,0.19,-0.03999999,-19.047615,14.0,978,0.719729365234375,False,REGULAR,USD,call
TSLA261016C00710000,2026-08-26 16:27:05+00:00,710.0,0.19,0.12,0.17,0.0,0.0,1.0,326,0.7226590234375,False,REGULAR,USD,call
TSLA261016C00720000,2026-08-24 13:58:32+00:00,720.0,0.27,0.11,0.17,0.0,0.0,1.0,160,0.7324245507812499,False,REGULAR,USD,call
TSLA261016C00730000,2026-08-25 15:11:37+00:00,730.0,0.21,0.11,0.17,0.0,0.0,3.0,241,0.74414318359375,False,REGULAR,USD,call
TSLA261016C00740000,2026-08-28 13:52:30+00:00,740.0,0.14,0.1,0.16,-0.030000001,-17.647058,1.0,80,0.7500025,False,REGULAR,USD,call
TSLA261016C00750000,2026-08-26 13:52:19+00:00,750.0,0.16,0.1,0.16,0.0,0.0,4.0,259,0.7617211328125001,False,REGULAR,USD,call
TSLA261016C00760000,2026-08-25 19:21:58+00:00,760.0,0.19,0.09,0.17,0.0,0.0,22.0,302,0.773439765625,False,REGULAR,USD,call
TSLA261016C00770000,2026-08-21 17:09:04+00:00,770.0,0.29,0.09,0.16,0.0,0.0,4.0,278,0.7812521875,False,REGULAR,USD,call
TSLA261016C00780000,2026-08-20 15:07:56+00:00,780.0,0.21,0.09,0.16,0.0,0.0,1.0,141,0.7919942675781251,False,REGULAR,USD,call
TSLA261016C00790000,2026-08-20 13:59:13+00:00,790.0,0.22,0.06,0.17,0.0,0.0,1.0,42,0.79687703125,False,REGULAR,USD,call
TSLA261016C00800000,2026-08-28 17:55:05+00:00,800.0,0.1,0.07,0.17,-0.019999996,-16.666664,3.0,4599,0.8105487695312499,False,REGULAR,USD,call
TSLA261016C00810000,2026-08-27 18:56:08+00:00,810.0,0.11,0.07,0.22,0.0,0.0,1.0,857,0.8359391406249999,False,REGULAR,USD,call
TSLA261016C00820000,2026-08-27 16:33:13+00:00,820.0,0.11,0.06,0.15,0.0,0.0,1.0,1438,0.8203142968749999,False,REGULAR,USD,call
TSLA261016C00830000,2026-08-27 14:16:45+00:00,830.0,0.12,0.06,0.17,0.0,0.0,100.0,262,0.8378922460937499,False,REGULAR,USD,call
TSLA261016C00840000,2026-08-20 13:58:56+00:00,840.0,0.16,0.05,0.27,0.0,0.0,1.0,119,0.875977802734375,False,REGULAR,USD,call
TSLA261016C00850000,2026-08-24 13:34:02+00:00,850.0,0.15,0.05,0.35,0.0,0.0,1.0,830,0.9062509375,False,REGULAR,USD,call
TSLA261016C00860000,2026-08-18 18:13:37+00:00,860.0,0.14,0.04,0.45,0.0,0.0,1.0,68,0.9355475195312499,False,REGULAR,USD,call
TSLA261016C00870000,2026-08-12 15:58:00+00:00,870.0,0.16,0.04,0.09,0.0,0.0,2.0,679,0.8339860351562498,False,REGULAR,USD,call
TSLA261016C00880000,2026-08-28 15:46:29+00:00,880.0,0.07,0.04,0.08,-0.059999995,-46.153843,1.0,529,0.8359391406249999,False,REGULAR,USD,call
TSLA261016C00890000,2026-08-28 19:58:11+00:00,890.0,0.07,0.05,0.08,-0.020000003,-22.222225,929.0,217,0.851563984375,False,REGULAR,USD,call
TSLA261016C00900000,2026-08-28 19:48:00+00:00,900.0,0.07,0.03,0.07,-0.020000003,-22.222225,1074.0,5677,0.84179845703125,False,REGULAR,USD,call
TSLA261016P00050000,2026-08-27 18:24:31+00:00,50.0,0.02,0.0,0.08,0.0,0.0,1.0,5610,1.8046884765624998,False,REGULAR,USD,put
TSLA261016P00055000,2026-08-24 14:32:03+00:00,55.0,0.02,0.0,0.08,0.0,0.0,13.0,4167,1.71875140625,False,REGULAR,USD,put
TSLA261016P00060000,2026-08-21 16:21:18+00:00,60.0,0.02,0.0,0.08,0.0,0.0,2.0,2882,1.6367205664062499,False,REGULAR,USD,put
TSLA261016P00065000,2026-08-25 14:25:53+00:00,65.0,0.03,0.0,0.03,0.0,0.0,1.0,652,1.4375028125,False,REGULAR,USD,put
TSLA261016P00070000,2026-08-28 17:09:20+00:00,70.0,0.01,0.0,0.03,-0.01,-50.0,1.0,1355,1.3750031249999999,False,REGULAR,USD,put
TSLA261016P00075000,2026-08-25 14:25:20+00:00,75.0,0.06,0.0,0.1,0.0,0.0,1.0,630,1.4609401953124999,False,REGULAR,USD,put
TSLA261016P00080000,2026-08-21 14:59:05+00:00,80.0,0.02,0.0,0.05,0.0,0.0,3.0,1217,1.3125034374999998,False,REGULAR,USD,put
TSLA261016P00085000,2026-08-21 14:36:45+00:00,85.0,0.05,0.0,0.15,0.0,0.0,8.0,190,1.3984405078125,False,REGULAR,USD,put
TSLA261016P00090000,2026-08-21 14:56:35+00:00,90.0,0.03,0.0,0.15,0.0,0.0,6.0,680,1.3418001660156247,False,REGULAR,USD,put
TSLA261016P00095000,2026-08-20 19:44:48+00:00,95.0,0.03,0.0,0.15,0.0,0.0,557.0,593,1.2890660546875,False,REGULAR,USD,put
TSLA261016P00100000,2026-08-28 18:35:50+00:00,100.0,0.08,0.01,0.08,0.02,33.333336,12.0,3021,1.1796916015624999,False,REGULAR,USD,put
TSLA261016P00105000,2026-08-28 18:37:17+00:00,105.0,0.08,0.0,0.15,-0.020000003,-20.000004,8.0,905,1.193363408203125,False,REGULAR,USD,put
TSLA261016P00110000,2026-08-26 14:28:02+00:00,110.0,0.08,0.01,0.08,0.0,0.0,1.0,1267,1.09375453125,False,REGULAR,USD,put
TSLA261016P00115000,2026-08-28 18:44:24+00:00,115.0,0.08,0.0,0.15,0.04,100.0,7.0,390,1.1054732226562503,False,REGULAR,USD,put
TSLA261016P00120000,2026-08-24 18:43:29+00:00,120.0,0.03,0.01,0.08,0.0,0.0,9.0,2001,1.015629921875,False,REGULAR,USD,put
TSLA261016P00125000,2026-08-27 18:55:10+00:00,125.0,0.05,0.01,0.08,0.0,0.0,2.0,197,0.9765627343750001,False,REGULAR,USD,put
TSLA261016P00130000,2026-08-28 13:32:50+00:00,130.0,0.03,0.01,0.2,-0.020000001,-40.000004,6.0,679,1.0234423828125,False,REGULAR,USD,put
TSLA261016P00135000,2026-08-28 18:53:40+00:00,135.0,0.07,0.02,0.2,0.02,39.999996,6.0,99,0.992187578125,False,REGULAR,USD,put
TSLA261016P00140000,2026-08-28 19:56:29+00:00,140.0,0.12,0.05,0.18,0.0,0.0,52.0,131,0.9609378906249999,False,REGULAR,USD,put
TSLA261016P00145000,2026-08-26 16:49:42+00:00,145.0,0.1,0.05,0.2,0.0,0.0,50.0,238,0.9345709667968749,False,REGULAR,USD,put
TSLA261016P00150000,2026-08-28 19:59:59+00:00,150.0,0.1,0.1,0.11,0.0,0.0,254.0,1579,0.8828136718749999,False,REGULAR,USD,put
TSLA261016P00155000,2026-08-28 19:32:51+00:00,155.0,0.09,0.05,0.12,-0.03999999,-30.769226,1.0,50,0.8320329296874999,False,REGULAR,USD,put
TSLA261016P00160000,2026-08-28 13:30:48+00:00,160.0,0.1,0.08,0.14,-0.050000004,-33.333336,4.0,215,0.8242205078124999,False,REGULAR,USD,put
TSLA261016P00165000,2026-08-26 13:52:21+00:00,165.0,0.17,0.1,0.18,0.0,0.0,1.0,132,0.815431533203125,False,REGULAR,USD,put
TSLA261016P00170000,2026-08-28 18:56:04+00:00,170.0,0.14,0.11,0.19,-0.019999996,-12.499998,5.0,473,0.79101771484375,False,REGULAR,USD,put
TSLA261016P00175000,2026-08-28 19:33:30+00:00,175.0,0.15,0.12,0.21,-0.03999999,-21.052628,2.0,342,0.770510107421875,False,REGULAR,USD,put
TSLA261016P00180000,2026-08-28 18:38:35+00:00,180.0,0.17,0.13,0.23,0.0,0.0,5.0,246,0.7490259472656251,False,REGULAR,USD,put
TSLA261016P00185000,2026-08-28 13:46:36+00:00,185.0,0.18,0.15,0.24,-0.00999999,-5.263153,3.0,332,0.727541787109375,False,REGULAR,USD,put
TSLA261016P00190000,2026-08-28 19:14:35+00:00,190.0,0.22,0.18,0.25,-0.010000005,-4.3478284,7.0,330,0.708010732421875,False,REGULAR,USD,put
TSLA261016P00195000,2026-08-28 18:47:21+00:00,195.0,0.25,0.2,0.27,0.030000001,13.636364,8.0,276,0.6879914013671876,False,REGULAR,USD,put
TSLA261016P00200000,2026-08-28 19:57:12+00:00,200.0,0.23,0.23,0.27,-0.019999996,-7.999998,461.0,3012,0.6660189648437502,False,REGULAR,USD,put
TSLA261016P00205000,2026-08-28 19:59:59+00:00,205.0,0.29,0.25,0.31,0.030000001,11.538463,15.0,213,0.6489292919921875,False,REGULAR,USD,put
TSLA261016P00210000,2026-08-28 19:05:17+00:00,210.0,0.3,0.26,0.31,0.01000002,3.448283,54.0,1255,0.624027197265625,False,REGULAR,USD,put
TSLA261016P00215000,2026-08-28 19:57:14+00:00,215.0,0.32,0.29,0.36,-0.02000001,-5.882356,2.0,494,0.6088906298828126,False,REGULAR,USD,put
TSLA261016P00220000,2026-08-28 18:52:30+00:00,220.0,0.37,0.31,0.36,0.00999999,2.777775,5.0,1297,0.5854533642578125,False,REGULAR,USD,put
TSLA261016P00225000,2026-08-28 18:23:37+00:00,225.0,0.39,0.34,0.4,0.00999999,2.6315765,12.0,727,0.56836369140625,False,REGULAR,USD,put
TSLA261016P00230000,2026-08-28 19:50:09+00:00,230.0,0.43,0.38,0.46,0.02000001,4.8780513,9.0,344,0.5532271240234375,False,REGULAR,USD,put
TSLA261016P00235000,2026-08-28 18:47:41+00:00,235.0,0.46,0.41,0.49,0.01000002,2.2222269,12.0,1237,0.5336960693359375,False,REGULAR,USD,put
TSLA261016P00240000,2026-08-28 19:38:08+00:00,240.0,0.52,0.48,0.55,-0.00999999,-1.8867908,39.0,2415,0.5197801928710937,False,REGULAR,USD,put
TSLA261016P00245000,2026-08-28 19:57:12+00:00,245.0,0.59,0.55,0.61,0.029999971,5.3571377,8.0,896,0.5046436254882812,False,REGULAR,USD,put
TSLA261016P00250000,2026-08-28 19:57:14+00:00,250.0,0.65,0.62,0.67,-0.01000005,-1.515159,103.0,3807,0.49170430175781255,False,REGULAR,USD,put
TSLA261016P00255000,2026-08-28 19:31:58+00:00,255.0,0.77,0.69,0.79,0.049999952,6.9444375,64.0,1429,0.48071808349609374,False,REGULAR,USD,put
TSLA261016P00260000,2026-08-28 19:58:22+00:00,260.0,0.87,0.84,0.91,0.0,0.0,19.0,3906,0.467778759765625,False,REGULAR,USD,put
TSLA261016P00265000,2026-08-28 19:27:02+00:00,265.0,1.05,0.96,1.06,0.049999952,4.999995,46.0,1339,0.4558159887695313,False,REGULAR,USD,put
TSLA261016P00270000,2026-08-28 19:59:08+00:00,270.0,1.2,1.19,1.24,0.04000008,3.448283,144.0,2028,0.4445856323242187,False,REGULAR,USD,put
TSLA261016P00275000,2026-08-28 19:58:20+00:00,275.0,1.37,1.41,1.49,-0.029999971,-2.1428552,124.0,3811,0.43604079589843747,False,REGULAR,USD,put
TSLA261016P00280000,2026-08-28 19:57:28+00:00,280.0,1.7,1.71,1.79,0.0200001,1.1904821,114.0,16523,0.4278621667480469,False,REGULAR,USD,put
TSLA261016P00285000,2026-08-28 19:50:43+00:00,285.0,2.19,2.03,2.16,0.22000003,11.167515,101.0,1981,0.4205380212402344,False,REGULAR,USD,put
TSLA261016P00290000,2026-08-28 19:32:42+00:00,290.0,2.71,2.47,2.61,0.32999992,13.865542,178.0,7119,0.4138852557373046,False,REGULAR,USD,put
TSLA261016P00295000,2026-08-28 19:58:08+00:00,295.0,3.07,3.0,3.15,0.26999998,9.642857,161.0,3832,0.40772076660156253,False,REGULAR,USD,put
TSLA261016P00300000,2026-08-28 19:58:04+00:00,300.0,3.75,3.7,3.85,0.27999997,8.069163,1422.0,8573,0.4039366247558594,False,REGULAR,USD,put
TSLA261016P00305000,2026-08-28 19:52:40+00:00,305.0,4.7,4.4,4.6,0.5499997,13.253004,156.0,2925,0.3979552392578125,False,REGULAR,USD,put
TSLA261016P00310000,2026-08-28 19:53:57+00:00,310.0,5.62,5.35,5.55,0.6700001,13.535356,298.0,3626,0.3943542010498047,False,REGULAR,USD,put
TSLA261016P00315000,2026-08-28 19:56:12+00:00,315.0,6.43,6.4,6.6,0.55999994,9.540033,111.0,2240,0.3895324719238281,False,REGULAR,USD,put
TSLA261016P00320000,2026-08-28 19:55:03+00:00,320.0,7.61,7.65,7.9,0.5500002,7.790371,489.0,6215,0.38721315917968746,False,REGULAR,USD,put
TSLA261016P00325000,2026-08-28 19:59:45+00:00,325.0,9.25,9.1,9.35,0.8500004,10.119053,391.0,4354,0.3842835009765625,False,REGULAR,USD,put
TSLA261016P00330000,2026-08-28 19:59:44+00:00,330.0,10.83,10.7,11.0,1.0799999,11.076922,432.0,17126,0.38172005004882803,False,REGULAR,USD,put
TSLA261016P00335000,2026-08-28 19:59:44+00:00,335.0,12.68,12.55,12.85,1.2400007,10.839168,107.0,1654,0.37933970275878903,False,REGULAR,USD,put
TSLA261016P00340000,2026-08-28 19:59:39+00:00,340.0,14.71,14.6,14.95,1.46,11.0188675,838.0,7729,0.37793590820312495,False,REGULAR,USD,put
TSLA261016P00345000,2026-08-28 19:59:17+00:00,345.0,17.01,16.9,17.2,1.4899998,9.600513,375.0,1778,0.3754029745483398,False,REGULAR,USD,put
TSLA261016P00350000,2026-08-28 19:59:17+00:00,350.0,19.44,19.35,19.75,2.040001,11.724143,403.0,4007,0.37470107727050783,True,REGULAR,USD,put
TSLA261016P00355000,2026-08-28 19:54:40+00:00,355.0,22.5,22.1,22.45,2.25,11.111111,266.0,1568,0.37293107543945314,True,REGULAR,USD,put
TSLA261016P00360000,2026-08-28 19:55:01+00:00,360.0,24.88,25.05,25.45,1.9599991,8.551479,137.0,4783,0.37308366180419916,True,REGULAR,USD,put
TSLA261016P00365000,2026-08-28 19:31:14+00:00,365.0,29.23,28.05,28.55,3.4499989,13.382462,37.0,1132,0.37134417724609375,True,REGULAR,USD,put
TSLA261016P00370000,2026-08-28 19:21:02+00:00,370.0,32.85,31.3,32.2,4.119999,14.340406,173.0,2208,0.3771424591064453,True,REGULAR,USD,put
TSLA261016P00375000,2026-08-28 19:21:57+00:00,375.0,36.27,34.75,35.85,4.0699997,12.6397505,11.0,806,0.37961435821533207,True,REGULAR,USD,put
TSLA261016P00380000,2026-08-28 18:08:58+00:00,380.0,40.44,38.5,39.4,4.4399986,12.33333,21.0,9573,0.3763490100097656,True,REGULAR,USD,put
TSLA261016P00385000,2026-08-28 19:13:59+00:00,385.0,44.48,42.35,43.05,4.4799995,11.199999,13.0,1235,0.37152728088378906,True,REGULAR,USD,put
TSLA261016P00390000,2026-08-28 18:18:31+00:00,390.0,48.5,46.4,47.15,5.049999,11.622553,4.0,3520,0.37415176635742187,True,REGULAR,USD,put
TSLA261016P00395000,2026-08-28 18:54:25+00:00,395.0,53.68,50.5,51.4,6.7299995,14.334396,8.0,2260,0.3777528045654296,True,REGULAR,USD,put
TSLA261016P00400000,2026-08-28 19:10:09+00:00,400.0,56.98,54.75,55.5,5.9799995,11.725489,104.0,5460,0.37402969726562496,True,REGULAR,USD,put
TSLA261016P00405000,2026-08-28 19:23:43+00:00,405.0,60.67,58.9,60.05,0.579998,0.96521556,10.0,326,0.38104867004394527,True,REGULAR,USD,put
TSLA261016P00410000,2026-08-28 19:32:37+00:00,410.0,65.45,63.45,64.5,5.8499985,9.815434,9.0,570,0.38245246459960935,True,REGULAR,USD,put
TSLA261016P00415000,2026-08-28 17:26:49+00:00,415.0,70.52,67.95,69.0,6.239998,9.707526,2.0,787,0.38294074096679687,True,REGULAR,USD,put
TSLA261016P00420000,2026-08-28 18:54:25+00:00,420.0,76.14,72.2,73.8,8.540001,12.633139,24.0,766,0.3930724755859375,True,REGULAR,USD,put
TSLA261016P00425000,2026-08-27 13:44:04+00:00,425.0,77.4,76.95,78.65,0.0,0.0,1.0,540,0.40430283203125,True,REGULAR,USD,put
TSLA261016P00430000,2026-08-28 19:23:43+00:00,430.0,83.68,81.65,83.25,4.8499985,6.1524777,2.0,570,0.4028380029296875,True,REGULAR,USD,put
TSLA261016P00435000,2026-08-28 16:17:16+00:00,435.0,87.9,86.4,88.05,-4.1299973,-4.487664,4.0,226,0.40881938842773435,True,REGULAR,USD,put
TSLA261016P00440000,2026-08-28 18:19:07+00:00,440.0,94.25,91.1,92.85,-0.75,-0.7894737,40.0,291,0.413519048461914,True,REGULAR,USD,put
TSLA261016P00445000,2026-08-24 14:46:42+00:00,445.0,89.39,95.9,97.65,0.0,0.0,2.0,215,0.41663181030273433,True,REGULAR,USD,put
TSLA261016P00450000,2026-08-25 17:04:52+00:00,450.0,96.9,100.8,102.15,0.0,0.0,6.0,410,0.39551385742187506,True,REGULAR,USD,put
TSLA261016P00455000,2026-08-21 15:07:53+00:00,455.0,93.5,105.5,107.6,0.0,0.0,20.0,22,0.44214425048828127,True,REGULAR,USD,put
TSLA261016P00460000,2026-08-28 19:51:10+00:00,460.0,112.41,110.4,112.3,15.010002,15.41068,6.0,58,0.43445389770507814,True,REGULAR,USD,put
TSLA261016P00465000,2026-08-27 14:25:49+00:00,465.0,112.92,115.35,117.45,0.0,0.0,1.0,25,0.4592339233398438,True,REGULAR,USD,put
TSLA261016P00470000,2026-08-27 14:26:00+00:00,470.0,117.54,120.3,122.4,0.0,0.0,1.0,20,0.4686332434082031,True,REGULAR,USD,put
TSLA261016P00475000,2026-08-28 17:57:14+00:00,475.0,128.5,125.5,127.2,8.75,7.3068895,100.0,1486,0.4650932397460938,True,REGULAR,USD,put
TSLA261016P00480000,2026-07-28 17:27:10+00:00,480.0,172.59,130.25,132.35,0.0,0.0,5.0,2,0.4903615417480469,True,REGULAR,USD,put
TSLA261016P00485000,2026-07-16 14:02:17+00:00,485.0,103.03,134.85,137.1,0.0,0.0,1.0,2,0.4805960144042969,True,REGULAR,USD,put
TSLA261016P00490000,2026-07-29 19:41:56+00:00,490.0,190.63,140.2,142.3,0.0,0.0,19.0,0,0.5109912182617188,True,REGULAR,USD,put
TSLA261016P00495000,2026-07-28 14:58:16+00:00,495.0,190.76,145.2,147.3,0.0,0.0,1.0,0,0.5229539892578124,True,REGULAR,USD,put
TSLA261016P00500000,2026-08-28 15:07:47+00:00,500.0,146.6,150.45,152.1,-1.75,-1.1796427,1.0,0,0.5158739819335938,True,REGULAR,USD,put
TSLA261016P00505000,2026-07-23 18:18:07+00:00,505.0,185.75,154.7,157.0,0.0,0.0,1.0,0,0.516606396484375,True,REGULAR,USD,put
TSLA261016P00510000,2026-08-12 15:05:45+00:00,510.0,185.3,160.2,162.3,0.0,0.0,1.0,0,0.5581098876953126,True,REGULAR,USD,put
TSLA261016P00515000,2026-07-17 16:28:20+00:00,515.0,134.73,164.7,166.95,0.0,0.0,1.0,0,0.5329636547851562,True,REGULAR,USD,put
TSLA261016P00520000,2026-07-23 17:25:23+00:00,520.0,198.31,169.7,171.95,0.0,0.0,4.0,0,0.5437057348632813,True,REGULAR,USD,put
TSLA261016P00525000,2026-07-10 17:51:37+00:00,525.0,122.15,174.7,176.95,0.0,0.0,3.0,0,0.5542036767578126,True,REGULAR,USD,put
TSLA261016P00530000,2026-07-23 18:29:46+00:00,530.0,208.98,179.7,181.95,0.0,0.0,2.0,0,0.5647016186523439,True,REGULAR,USD,put
TSLA261016P00535000,2026-06-10 14:53:04+00:00,535.0,154.33,143.2,144.2,0.0,0.0,,6,1.0000000000000003e-05,True,REGULAR,USD,put
TSLA261016P00540000,2026-06-23 19:37:01+00:00,540.0,160.35,216.05,224.25,0.0,0.0,2.0,2,1.5144067248535156,True,REGULAR,USD,put
TSLA261016P00545000,2026-07-23 18:42:49+00:00,545.0,222.36,194.55,196.8,0.0,0.0,30.0,0,0.5744671459960937,True,REGULAR,USD,put
TSLA261016P00550000,2026-07-23 18:42:26+00:00,550.0,226.5,199.55,201.8,0.0,0.0,106.0,0,0.5839885351562499,True,REGULAR,USD,put
TSLA261016P00560000,2026-07-23 18:42:49+00:00,560.0,236.2,209.55,211.85,0.0,0.0,22.0,0,0.610599597167969,True,REGULAR,USD,put
TSLA261016P00570000,2026-07-23 18:42:49+00:00,570.0,252.75,219.55,221.8,0.0,0.0,22.0,0,0.6215858154296876,True,REGULAR,USD,put
TSLA261016P00580000,2026-07-16 17:37:33+00:00,580.0,192.55,229.85,232.15,0.0,0.0,1.0,0,0.6875031250000001,True,REGULAR,USD,put
TSLA261016P00590000,2026-07-13 18:16:19+00:00,590.0,197.23,239.85,242.15,0.0,0.0,1.0,0,0.7060576269531251,True,REGULAR,USD,put
TSLA261016P00600000,2026-07-30 16:48:35+00:00,600.0,294.78,250.25,252.25,0.0,0.0,1.0,0,0.7360866235351562,True,REGULAR,USD,put
TSLA261016P00650000,2026-07-07 15:40:17+00:00,650.0,245.75,299.3,301.55,0.0,0.0,17.0,0,0.70117486328125,True,REGULAR,USD,put
TSLA261016P00660000,2026-07-30 14:52:26+00:00,660.0,354.17,310.2,312.3,0.0,0.0,2.0,0,0.51562984375,True,REGULAR,USD,put
TSLA261016P00700000,2026-07-07 16:50:46+00:00,700.0,290.8,349.3,351.55,0.0,0.0,,0,0.77148666015625,True,REGULAR,USD,put
TSLA261016P00730000,2026-05-21 13:34:30+00:00,730.0,305.8,0.0,0.0,0.0,0.0,,0,1.0000000000000003e-05,True,REGULAR,USD,put
TSLA261016P00750000,2026-05-19 13:33:31+00:00,750.0,347.62,0.0,0.0,0.0,0.0,1.0,0,1.0000000000000003e-05,True,REGULAR,USD,put
TSLA261016P00800000,2026-05-15 19:53:00+00:00,800.0,376.74,392.9,393.9,0.0,0.0,1.0,0,1.0000000000000003e-05,True,REGULAR,USD,put
